0 973 45 255 968 864 818 39 394 596 311 383 201 897 679 595 298 305 830 17 842 648 754 287 156 150 654 136 838 144 788 923 837 67 291 68 805 667 945 359 750 379 11 875 875 653 867 371 517 493 562 283 727 545 270 513 275 596 509 657 238 507 730 14 151 847 607 662 165 540 940 925 682 962 799
973 0 492 618 394 221 276 713 59 312 125 612 333 594 180 550 277 776 277 582 779 90 421 511 513 586 379 441 965 323 440 38 152 212 660 815 536 77 955 671 146 913 544 920 860 605 537 357 563 312 763 600 664 252 719 77 849 996 645 623 925 869 768 186 647 122 651 72 998 330 218 623 484 69 84
45 492 0 443 710 744 62 984 172 309 356 387 298 87 948 922 526 12 892 536 139 843 469 638 493 808 511 438 509 365 568 18 919 660 599 37 971 170 862 471 481 134 911 871 161 259 845 100 873 682 862 837 296 836 496 426 91 494 370 490 461 590 669 750 957 900 27 926 466 837 38 306 218 564 828
255 618 443 0 276 628 689 537 117 266 463 917 780 356 697 264 262 497 741 900 634 518 972 418 165 684 256 543 398 525 486 320 194 463 14 51 730 652 89 848 923 737 451 889 687 14 529 350 306 350 53 83 880 848 967 798 125 772 990 708 573 210 119 131 285 183 541 837 657 850 426 531 992 206 685
968 394 710 276 0 456 245 936 229 792 471 412 805 681 603 354 824 329 408 855 310 320 635 554 760 823 948 700 609 217 545 875 229 497 938 641 774 844 437 56 717 24 115 561 782 302 474 910 279 620 236 844 834 29 672 629 456 445 768 452 321 608 19 890 514 890 363 969 806 357 617 279 168 174 280
864 221 744 628 456 0 566 175 560 999 658 395 510 355 74 47 491 301 938 48 204 543 1000 421 128 765 486 320 247 82 399 204 305 200 781 318 296 988 779 49 153 281 711 725 767 652 698 384 976 504 794 631 4 523 24 599 515 536 62 711 31 127 795 104 850 202 706 624 608 481 207 643 856 24 220
818 276 62 689 245 566 0 612 319 767 524 842 766 563 710 558 910 403 323 108 49 453 219 544 634 978 909 211 927 239 934 334 558 213 444 606 454 996 771 889 255 556 712 136 221 124 700 973 681 398 819 455 552 466 61 699 376 99 77 941 785 223 384 24 448 322 200 922 810 797 450 715 662 787 541
39 713 984 537 936 175 612 0 384 707 669 516 811 237 102 14 941 930 825 964 311 810 866 522 581 750 434 641 220 352 927 76 54 332 163 154 971 485 516 180 810 978 276 416 265 963 394 69 353 863 681 735 773 343 175 821 828 393 216 865 245 429 364 24 803 740 590 907 97 899 943 381 47 26 555
394 59 172 117 229 560 319 384 0 623 782 633 834 496 577 573 481 224 572 848 834 902 17 431 281 648 209 72 417 116 144 299 711 845 788 472 252 16 903 153 785 632 371 722 662 926 141 902 739 245 613 892 403 117 661 290 638 86 480 368 854 776 694 352 220 232 533 468 843 613 289 513 5 676 527
596 312 309 266 792 999 767 707 623 0 395 870 113 518 929 102 119 432 667 890 866 608 9 661 546 219 29 355 83 476 19 182 443 75 848 333 748 830 265 393 955 539 982 898 159 284 47 514 902 516 365 216 972 417 172 559 598 842 231 352 934 923 501 190 983 415 963 16 188 485 882 188 940 718 506
311 125 356 463 471 658 524 669 782 395 0 170 289 422 263 287 921 913 571 355 845 288 908 837 80 556 847 725 649 571 773 506 165 112 629 942 518 159 683 462 841 633 615 22 383 93 825 29 938 392 28 893 779 527 424 901 569 58 908 338 132 667 891 388 34 751 591 605 210 860 228 119 832 412 726
383 612 387 917 412 395 842 516 633 870 170 0 774 137 328 293 716 751 585 712 468 655 611 936 921 376 836 607 968 639 27 456 226 377 404 984 183 624 771 925 432 362 670 110 499 902 800 308 924 129 308 992 866 8 199 741 736 319 937 830 141 81 716 611 14 945 934 408 834 168 484 959 967 847 816
201 333 298 780 805 510 766 811 834 113 289 774 0 272 643 848 357 53 757 112 935 163 85 728 48 214 177 180 129 163 834 187 598 580 39 529 229 160 472 441 464 361 661 975 513 106 944 565 486 25 456 940 405 217 647 53 97 507 750 248 973 350 240 877 248 132 957 890 971 391 384 861 351 172 746
897 594 87 356 681 355 563 237 496 518 422 137 272 0 401 986 974 816 230 547 494 91 892 604 74 215 112 920 316 486 83 53 829 997 119 883 810 487 756 325 789 145 266 424 510 359 519 178 860 125 139 845 814 799 450 748 583 437 153 965 186 785 677 744 434 963 769 591 774 951 127 254 363 245 545
679 180 948 697 603 74 710 102 577 929 263 328 643 401 0 68 809 162 759 594 978 717 243 556 649 317 596 542 520 177 8 394 668 343 830 679 997 209 338 635 424 732 506 508 655 155 241 147 509 653 218 530 474 890 544 495 205 443 819 250 819 746 165 700 627 760 541 745 204 22 620 919 9 582 598
595 550 922 264 354 47 558 14 573 102 287 293 848 986 68 0 559 532 795 20 627 432 462 800 233 883 923 464 887 468 115 342 623 650 443 231 557 774 396 547 623 209 140 365 220 320 86 380 976 391 69 664 583 876 751 376 48 206 8 12 364 38 563 127 206 36 777 863 277 829 747 856 784 91 282
298 277 526 262 824 491 910 941 481 119 921 716 357 974 809 559 0 910 258 926 122 562 279 722 329 542 333 985 814 324 806 370 856 84 197 753 853 404 334 769 405 446 348 824 605 212 957 627 80 175 624 9 707 592 547 12 608 678 766 981 245 986 132 695 93 695 298 303 648 839 64 730 39 873 361
305 776 12 497 329 301 403 930 224 432 913 751 53 816 162 532 910 0 872 667 95 358 984 918 967 319 996 921 192 652 141 688 680 945 562 3 211 905 502 326 447 756 919 444 902 12 798 535 467 852 860 155 720 298 26 396 752 983 388 677 280 956 686 802 812 343 575 112 351 30 197 379 594 763 146
830 277 892 741 408 938 323 825 572 667 571 585 757 230 759 795 258 872 0 105 497 585 14 966 667 694 988 126 41 42 313 794 808 895 771 717 282 840 614 167 921 71 109 428 726 202 958 525 745 454 303 23 338 679 808 154 496 239 769 5 512 949 566 376 304 511 504 155 124 251 893 141 976 114 563
17 582 536 900 855 48 108 964 848 890 355 712 112 547 594 20 926 667 105 0 943 695 606 817 250 860 838 790 190 567 216 846 604 867 174 794 279 862 564 200 622 528 160 259 629 471 619 348 373 65 399 417 409 284 754 805 259 555 330 319 502 602 905 952 37 580 596 127 35 250 294 24 693 119 346
842 779 139 634 310 204 49 311 834 866 845 468 935 494 978 627 122 95 497 943 0 253 917 490 400 802 192 932 495 695 714 91 109 578 936 261 987 611 79 593 485 108 620 251 776 753 963 110 268 844 731 607 676 13 625 319 843 935 605 369 74 966 578 149 1000 488 186 68 273 1 713 197 945 764 504
648 90 843 518 320 543 453 810 902 608 288 655 163 91 717 432 562 358 585 695 253 0 151 627 591 277 376 405 326 97 870 703 147 427 364 220 660 371 591 519 341 17 993 938 584 823 414 59 602 260 37 72 528 59 673 164 713 99 721 114 598 600 141 618 271 594 234 826 48 468 167 551 548 720 201
754 421 469 972 635 1000 219 866 17 9 908 611 85 892 243 462 279 984 14 606 917 151 0 996 73 649 860 321 68 641 243 672 702 564 794 116 200 612 553 899 482 263 76 486 82 230 577 678 867 551 249 833 788 597 11 805 859 910 854 980 138 142 445 273 984 819 376 83 675 528 16 447 196 557 146
287 511 638 418 554 421 544 522 431 661 837 936 728 604 556 800 722 918 966 817 490 627 996 0 778 355 503 9 655 46 492 413 670 876 234 472 718 7 72 659 596 321 117 12 36 533 303 403 304 842 999 990 311 652 940 177 143 107 717 113 590 208 379 283 5 404 277 832 111 508 46 197 368 443 748
156 513 493 165 760 128 634 581 281 546 80 921 48 74 649 233 329 967 667 250 400 591 73 778 0 280 769 438 714 981 659 717 937 626 994 224 315 183 869 969 472 283 875 137 284 443 423 277 440 611 919 818 495 506 137 406 821 857 911 714 195 564 974 93 854 813 561 146 801 229 347 349 968 573 925
150 586 808 684 823 765 978 750 648 219 556 376 214 215 317 883 542 319 694 860 802 277 649 355 280 0 545 727 756 684 710 33 65 102 553 997 979 919 661 950 855 87 769 643 498 174 841 862 639 100 881 736 267 914 735 5 848 876 377 908 743 419 695 970 649 342 490 111 128 601 429 585 817 17 11
654 379 511 256 948 486 909 434 209 29 847 836 177 112 596 923 333 996 988 838 192 376 860 503 769 545 0 864 709 830 610 674 1000 186 590 135 137 777 856 911 172 729 664 11 276 668 73 226 629 876 100 613 816 479 16 541 96 675 705 651 782 220 126 528 992 955 56 998 495 89 823 687 880 436 975
136 441 438 543 700 320 211 641 72 355 725 607 180 920 542 464 985 921 126 790 932 405 321 9 438 727 864 0 436 883 113 459 609 467 507 320 495 333 490 270 394 12 760 114 780 652 960 431 569 678 568 527 309 188 105 756 91 278 972 964 568 907 607 13 62 131 985 173 661 245 978 117 391 853 294
838 965 509 398 609 247 927 220 417 83 649 968 129 316 520 887 814 192 41 190 495 326 68 655 714 756 709 436 0 358 939 609 843 573 238 699 441 179 964 345 722 88 252 404 410 521 933 350 881 744 291 327 622 219 303 313 462 31 310 179 558 558 801 827 301 214 573 592 13 117 379 54 779 330 667
144 323 365 525 217 82 239 352 116 476 571 639 163 486 177 468 324 652 42 567 695 97 641 46 981 684 830 883 358 0 339 5 694 348 562 301 666 135 30 755 642 757 649 799 491 294 285 391 225 252 67 405 28 680 698 749 372 115 683 990 3 358 595 574 457 6 480 411 878 266 647 976 787 112 181
788 440 568 486 545 399 934 927 144 19 773 27 834 83 8 115 806 141 313 216 714 870 243 492 659 710 610 113 939 339 0 788 362 552 972 585 31 398 281 404 767 797 100 904 904 482 792 704 473 951 723 493 252 153 232 396 785 189 395 204 997 134 260 870 746 890 240 494 649 789 933 417 957 926 77
923 38 18 320 875 204 334 76 299 182 506 456 187 53 394 342 370 688 794 846 91 703 672 413 717 33 674 459 609 5 788 0 991 834 241 988 683 654 437 477 89 143 183 225 848 573 470 690 544 705 344 360 357 829 181 129 28 838 427 446 973 976 738 180 778 513 137 304 95 233 871 879 19 656 471
837 152 919 194 229 305 558 54 711 443 165 226 598 829 668 623 856 680 808 604 109 147 702 670 937 65 1000 609 843 694 362 991 0 829 462 505 46 452 195 109 175 767 272 107 433 647 51 358 831 830 7 975 664 466 360 686 592 124 979 979 143 458 962 481 840 458 879 389 685 336 614 35 809 426 975
67 212 660 463 497 200 213 332 845 75 112 377 580 997 343 650 84 945 895 867 578 427 564 876 626 102 186 467 573 348 552 834 829 0 619 182 538 756 130 897 907 96 419 274 959 553 255 16 416 320 971 740 942 319 537 100 649 378 578 452 272 512 3 880 633 235 717 333 817 590 233 40 230 688 547
291 660 599 14 938 781 444 163 788 848 629 404 39 119 830 443 197 562 771 174 936 364 794 234 994 553 590 507 238 562 972 241 462 619 0 967 187 735 126 263 804 206 833 446 331 817 601 738 362 880 271 545 386 626 459 699 571 996 529 852 469 259 211 126 95 942 983 439 181 999 290 639 263 132 501
68 815 37 51 641 318 606 154 472 333 942 984 529 883 679 231 753 3 717 794 261 220 116 472 224 997 135 320 699 301 585 988 505 182 967 0 949 360 673 680 226 605 712 908 230 79 483 549 97 778 841 800 845 214 24 768 466 757 355 56 754 175 540 740 199 891 770 688 465 271 430 942 20 41 75
805 536 971 730 774 296 454 971 252 748 518 183 229 810 997 557 853 211 282 279 987 660 200 718 315 979 137 495 441 666 31 683 46 538 187 949 0 778 369 719 637 808 820 908 227 513 174 276 639 769 356 58 598 708 576 439 35 627 910 902 897 953 578 502 817 483 952 688 344 480 124 945 893 237 595
667 77 170 652 844 988 996 485 16 830 159 624 160 487 209 774 404 905 840 862 611 371 612 7 183 919 777 333 179 135 398 654 452 756 735 360 778 0 970 786 732 609 382 416 541 772 188 984 197 865 214 655 31 494 865 233 633 936 534 194 328 678 448 305 390 790 599 853 995 598 860 557 833 981 230
945 955 862 89 437 779 771 516 903 265 683 771 472 756 338 396 334 502 614 564 79 591 553 72 869 661 856 490 964 30 281 437 195 130 126 673 369 970 0 155 341 443 228 1000 787 950 244 662 961 350 4 601 607 556 583 336 428 230 578 843 965 726 559 605 938 989 825 916 505 418 18 679 816 7 610
359 671 471 848 56 49 889 180 153 393 462 925 441 325 635 547 769 326 167 200 593 519 899 659 969 950 911 270 345 755 404 477 109 897 263 680 719 786 155 0 239 589 221 9 40 584 862 358 2 603 980 64 116 200 625 453 792 668 126 442 565 850 840 235 488 212 951 451 140 846 625 422 468 491 439
750 146 481 923 717 153 255 810 785 955 841 432 464 789 424 623 405 447 921 622 485 341 482 596 472 855 172 394 722 642 767 89 175 907 804 226 637 732 341 239 0 956 567 532 94 857 612 357 889 435 893 450 93 803 624 579 245 296 867 676 511 112 697 496 142 201 875 703 601 799 96 693 661 342 272
379 913 134 737 24 281 556 978 632 539 633 362 361 145 732 209 446 756 71 528 108 17 263 321 283 87 729 12 88 757 797 143 767 96 206 605 808 609 443 589 956 0 597 630 315 173 686 564 118 588 917 851 10 914 554 243 745 210 823 738 529 446 679 686 443 316 588 992 70 707 476 309 319 749 268
11 544 911 451 115 711 712 276 371 982 615 670 661 266 506 140 348 919 109 160 620 993 76 117 875 769 664 760 252 649 100 183 272 419 833 712 820 382 228 221 567 597 0 967 133 912 485 811 810 608 30 28 276 951 226 40 844 312 324 545 214 208 696 575 859 150 164 68 379 220 127 105 383 846 192
875 920 871 889 561 725 136 416 722 898 22 110 975 424 508 365 824 444 428 259 251 938 486 12 137 643 11 114 404 799 904 225 107 274 446 908 908 416 1000 9 532 630 967 0 47 367 155 890 808 639 386 151 502 455 127 610 460 922 382 442 100 783 934 188 401 863 90 487 783 990 268 550 903 694 899
875 860 161 687 782 767 221 265 662 159 383 499 513 510 655 220 605 902 726 629 776 584 82 36 284 498 276 780 410 491 904 848 433 959 331 230 227 541 787 40 94 315 133 47 0 945 567 888 639 886 329 540 145 335 603 756 241 427 87 275 419 369 324 667 913 945 588 72 335 78 839 823 354 890 625
653 605 259 14 302 652 124 963 926 284 93 902 106 359 155 320 212 12 202 471 753 823 230 533 443 174 668 652 521 294 482 573 647 553 817 79 513 772 950 584 857 173 912 367 945 0 452 339 568 671 994 739 1000 216 883 135 262 337 738 269 780 409 239 215 689 351 956 609 537 161 678 646 616 854 614
867 537 845 529 474 698 700 394 141 47 825 800 944 519 241 86 957 798 958 619 963 414 577 303 423 841 73 960 933 285 792 470 51 255 601 483 174 188 244 862 612 686 485 155 567 452 0 623 370 22 56 782 492 720 795 776 72 140 842 625 612 2 387 61 549 979 814 588 451 999 88 893 540 974 537
371 357 100 350 910 384 973 69 902 514 29 308 565 178 147 380 627 535 525 348 110 59 678 403 277 862 226 431 350 391 704 690 358 16 738 549 276 984 662 358 357 564 811 890 888 339 623 0 806 941 963 754 627 294 677 715 709 846 984 292 637 254 372 794 377 458 501 733 102 926 411 576 71 94 298
517 563 873 306 279 976 681 353 739 902 938 924 486 860 509 976 80 467 745 373 268 602 867 304 440 639 629 569 881 225 473 544 831 416 362 97 639 197 961 2 889 118 810 808 639 568 370 806 0 392 509 145 180 544 624 358 446 756 557 742 776 301 552 916 25 373 923 475 786 83 711 32 794 233 291
493 312 682 350 620 504 398 863 245 516 392 129 25 125 653 391 175 852 454 65 844 260 551 842 611 100 876 678 744 252 951 705 830 320 880 778 769 865 350 603 435 588 608 639 886 671 22 941 392 0 112 922 300 531 58 266 12 610 552 836 564 396 329 334 948 781 339 566 726 70 456 313 742 873 743
562 763 862 53 236 794 819 681 613 365 28 308 456 139 218 69 624 860 303 399 731 37 249 999 919 881 100 568 291 67 723 344 7 971 271 841 356 214 4 980 893 917 30 386 329 994 56 963 509 112 0 549 629 970 28 753 391 697 690 97 731 854 872 133 515 756 577 292 966 977 785 877 82 308 556
283 600 837 83 844 631 455 735 892 216 893 992 940 845 530 664 9 155 23 417 607 72 833 990 818 736 613 527 327 405 493 360 975 740 545 800 58 655 601 64 450 851 28 151 540 739 782 754 145 922 549 0 895 637 744 145 306 294 600 608 197 247 987 72 697 671 499 252 46 421 416 63 45 55 146
727 664 296 880 834 4 552 773 403 972 779 866 405 814 474 583 707 720 338 409 676 528 788 311 495 267 816 309 622 28 252 357 664 942 386 845 598 31 607 116 93 10 276 502 145 1000 492 627 180 300 629 895 0 509 734 852 247 275 770 262 482 874 211 420 381 288 139 974 624 168 330 563 690 715 468
545 252 836 848 29 523 466 343 117 417 527 8 217 799 890 876 592 298 679 284 13 59 597 652 506 914 479 188 219 680 153 829 466 319 626 214 708 494 556 200 803 914 951 455 335 216 720 294 544 531 970 637 509 0 816 279 935 251 354 386 319 665 902 389 251 944 62 344 817 925 175 894 620 794 193
270 719 496 967 672 24 61 175 661 172 424 199 647 450 544 751 547 26 808 754 625 673 11 940 137 735 16 105 303 698 232 181 360 537 459 24 576 865 583 625 624 554 226 127 603 883 795 677 624 58 28 744 734 816 0 510 188 700 382 640 598 916 399 190 670 282 227 565 954 790 18 724 256 569 985
513 77 426 798 629 599 699 821 290 559 901 741 53 748 495 376 12 396 154 805 319 164 805 177 406 5 541 756 313 749 396 129 686 100 699 768 439 233 336 453 579 243 40 610 756 135 776 715 358 266 753 145 852 279 510 0 965 251 540 710 193 354 934 934 473 130 220 581 218 541 788 702 217 618 220
275 849 91 125 456 515 376 828 638 598 569 736 97 583 205 48 608 752 496 259 843 713 859 143 821 848 96 91 462 372 785 28 592 649 571 466 35 633 428 792 245 745 844 460 241 262 72 709 446 12 391 306 247 935 188 965 0 620 927 575 409 193 222 837 41 172 877 883 316 280 297 502 737 106 213
596 996 494 772 445 536 99 393 86 842 58 319 507 437 443 206 678 983 239 555 935 99 910 107 857 876 675 278 31 115 189 838 124 378 996 757 627 936 230 668 296 210 312 922 427 337 140 846 756 610 697 294 275 251 700 251 620 0 991 909 467 554 588 434 712 386 972 957 774 562 493 872 290 598 305
509 645 370 990 768 62 77 216 480 231 908 937 750 153 819 8 766 388 769 330 605 721 854 717 911 377 705 972 310 683 395 427 979 578 529 355 910 534 578 126 867 823 324 382 87 738 842 984 557 552 690 600 770 354 382 540 927 991 0 498 583 58 121 515 313 318 207 684 186 145 306 46 835 378 62
657 623 490 708 452 711 941 865 368 352 338 830 248 965 250 12 981 677 5 319 369 114 980 113 714 908 651 964 179 990 204 446 979 452 852 56 902 194 843 442 676 738 545 442 275 269 625 292 742 836 97 608 262 386 640 710 575 909 498 0 107 358 882 955 746 913 846 799 974 22 828 566 569 976 459
238 925 461 573 321 31 785 245 854 934 132 141 973 186 819 364 245 280 512 502 74 598 138 590 195 743 782 568 558 3 997 973 143 272 469 754 897 328 965 565 511 529 214 100 419 780 612 637 776 564 731 197 482 319 598 193 409 467 583 107 0 585 717 392 752 724 252 137 846 629 896 689 750 746 349
507 869 590 210 608 127 223 429 776 923 667 81 350 785 746 38 986 956 949 602 966 600 142 208 564 419 220 907 558 358 134 976 458 512 259 175 953 678 726 850 112 446 208 783 369 409 2 254 301 396 854 247 874 665 916 354 193 554 58 358 585 0 449 920 761 70 7 841 270 997 554 757 273 519 525
730 768 669 119 19 795 384 364 694 501 891 716 240 677 165 563 132 686 566 905 578 141 445 379 974 695 126 607 801 595 260 738 962 3 211 540 578 448 559 840 697 679 696 934 324 239 387 372 552 329 872 987 211 902 399 934 222 588 121 882 717 449 0 734 190 607 752 949 377 914 499 625 273 196 612
14 186 750 131 890 104 24 24 352 190 388 611 877 744 700 127 695 802 376 952 149 618 273 283 93 970 528 13 827 574 870 180 481 880 126 740 502 305 605 235 496 686 575 188 667 215 61 794 916 334 133 72 420 389 190 934 837 434 515 955 392 920 734 0 214 708 392 427 920 747 357 540 96 512 719
151 647 957 285 514 850 448 803 220 983 34 14 248 434 627 206 93 812 304 37 1000 271 984 5 854 649 992 62 301 457 746 778 840 633 95 199 817 390 938 488 142 443 859 401 913 689 549 377 25 948 515 697 381 251 670 473 41 712 313 746 752 761 190 214 0 5 222 581 628 201 304 567 793 948 481
847 122 900 183 890 202 322 740 232 415 751 945 132 963 760 36 695 343 511 580 488 594 819 404 813 342 955 131 214 6 890 513 458 235 942 891 483 790 989 212 201 316 150 863 945 351 979 458 373 781 756 671 288 944 282 130 172 386 318 913 724 70 607 708 5 0 331 883 424 141 800 154 367 940 541
607 651 27 541 363 706 200 590 533 963 591 934 957 769 541 777 298 575 504 596 186 234 376 277 561 490 56 985 573 480 240 137 879 717 983 770 952 599 825 951 875 588 164 90 588 956 814 501 923 339 577 499 139 62 227 220 877 972 207 846 252 7 752 392 222 331 0 50 978 502 236 597 625 406 783
662 72 926 837 969 624 922 907 468 16 605 408 890 591 745 863 303 112 155 127 68 826 83 832 146 111 998 173 592 411 494 304 389 333 439 688 688 853 916 451 703 992 68 487 72 609 588 733 475 566 292 252 974 344 565 581 883 957 684 799 137 841 949 427 581 883 50 0 382 132 954 129 263 994 457
165 998 466 657 806 608 810 97 843 188 210 834 971 774 204 277 648 351 124 35 273 48 675 111 801 128 495 661 13 878 649 95 685 817 181 465 344 995 505 140 601 70 379 783 335 537 451 102 786 726 966 46 624 817 954 218 316 774 186 974 846 270 377 920 628 424 978 382 0 553 445 695 926 251 138
540 330 837 850 357 481 797 899 613 485 860 168 391 951 22 829 839 30 251 250 1 468 528 508 229 601 89 245 117 266 789 233 336 590 999 271 480 598 418 846 799 707 220 990 78 161 999 926 83 70 977 421 168 925 790 541 280 562 145 22 629 997 914 747 201 141 502 132 553 0 75 140 967 819 769
940 218 38 426 617 207 450 943 289 882 228 484 384 127 620 747 64 197 893 294 713 167 16 46 347 429 823 978 379 647 933 871 614 233 290 430 124 860 18 625 96 476 127 268 839 678 88 411 711 456 785 416 330 175 18 788 297 493 306 828 896 554 499 357 304 800 236 954 445 75 0 827 670 715 117
925 623 306 531 279 643 715 381 513 188 119 959 861 254 919 856 730 379 141 24 197 551 447 197 349 585 687 117 54 976 417 879 35 40 639 942 945 557 679 422 693 309 105 550 823 646 893 576 32 313 877 63 563 894 724 702 502 872 46 566 689 757 625 540 567 154 597 129 695 140 827 0 66 778 424
682 484 218 992 168 856 662 47 5 940 832 967 351 363 9 784 39 594 976 693 945 548 196 368 968 817 880 391 779 787 957 19 809 230 263 20 893 833 816 468 661 319 383 903 354 616 540 71 794 742 82 45 690 620 256 217 737 290 835 569 750 273 273 96 793 367 625 263 926 967 670 66 0 906 45
962 69 564 206 174 24 787 26 676 718 412 847 172 245 582 91 873 763 114 119 764 720 557 443 573 17 436 853 330 112 926 656 426 688 132 41 237 981 7 491 342 749 846 694 890 854 974 94 233 873 308 55 715 794 569 618 106 598 378 976 746 519 196 512 948 940 406 994 251 819 715 778 906 0 629
799 84 828 685 280 220 541 555 527 506 726 816 746 545 598 282 361 146 563 346 504 201 146 748 925 11 975 294 667 181 77 471 975 547 501 75 595 230 610 439 272 268 192 899 625 614 537 298 291 743 556 146 468 193 985 220 213 305 62 459 349 525 612 719 481 541 783 457 138 769 117 424 45 629 0