0 279 800 500 269 693 646 836 132 96 684 757 52 320 73 332 719 366 119 408 294 330 977 674 947 868 486 875 744 633 582 653 390 920 780 444 97 766 173 958 82 327 112 384 893 758 806 539 381 711 612 392 652 635 407 592 767 259 199 271 264 97 671 337 134 715 907 573 19 753 283 273 245 546 776 558 951 833 157 382 280 822 672 940 525 306 160 195 418 187 136 265 246 713 853 332 648 88 333 14 237 551 249 997 932 936 621 175 963 530 597 100 746 835 690 604 144 609 405 11 742 627 794 25 841 987 417 879 404 47 386 511 245 560 63 507 206 267 462 209 31 335 854 702 858 701 394 784 344 310 261 32 490 674 77 800 801 389 834 377 858 791 265 353 909 148 276 107 581 961 524 414 21 704 218 283 680 262 762 889 714 147 177 411 933 545 528 613 407 360 905 691 610 802 114 371 155 187 464 27
279 0 16 795 438 622 700 367 462 171 420 708 567 174 287 126 856 692 257 808 868 801 377 148 918 612 780 982 950 173 513 820 461 197 223 897 477 671 131 18 157 622 39 656 532 904 855 992 27 417 629 687 920 778 656 201 720 324 168 356 429 752 342 856 120 704 58 515 553 251 980 394 893 285 711 2 783 189 578 456 674 988 665 221 685 739 92 935 880 475 559 300 846 802 834 448 92 333 665 16 753 361 742 895 518 271 829 834 88 920 681 504 340 804 965 108 570 185 598 573 525 410 415 773 442 406 780 641 279 795 564 425 270 242 513 961 441 388 697 823 88 62 522 86 57 657 577 626 88 934 684 772 576 328 953 161 328 185 38 62 377 730 563 814 239 517 453 304 558 69 372 762 599 129 223 427 651 268 998 712 463 345 928 229 440 197 302 430 489 5 831 766 571 938 150 679 669 586 322 299
800 16 0 788 209 892 28 844 176 38 719 967 284 938 886 254 858 272 837 550 842 340 437 85 113 911 312 605 684 29 100 975 625 712 132 844 400 443 954 152 803 825 122 112 50 94 555 965 690 958 767 898 86 397 622 451 534 935 533 246 391 585 277 214 891 47 953 229 627 959 391 562 226 966 371 748 836 842 481 742 367 592 154 195 377 15 80 259 66 621 229 751 643 952 65 849 183 351 651 400 337 594 610 451 134 751 99 259 845 311 542 598 964 848 637 713 860 652 261 126 127 986 936 167 489 716 137 985 150 712 849 676 138 715 2 370 63 763 979 358 434 771 275 728 630 997 129 750 606 819 195 540 373 414 925 335 904 907 285 134 910 819 213 330 799 601 312 280 627 650 185 13 660 16 496 193 831 143 974 623 383 404 339 932 539 658 278 582 24 775 725 447 738 958 837 194 319 54 636 781
500 795 788 0 452 196 861 679 508 284 981 4 38 990 556 143 887 47 733 303 441 996 969 797 682 318 488 485 607 715 858 355 90 785 726 112 473 249 657 373 658 265 321 271 804 538 226 676 207 67 537 900 671 78 783 124 101 682 728 447 879 40 612 926 432 26 150 922 707 257 187 134 948 630 229 514 760 923 841 846 894 306 798 772 134 382 704 730 505 994 715 174 688 487 939 578 362 153 899 266 713 196 109 259 380 963 306 431 314 577 994 838 197 748 149 447 277 222 523 807 743 134 378 913 485 134 950 704 823 294 550 73 827 714 277 603 185 367 733 819 418 300 779 788 987 127 343 788 628 741 698 805 590 893 693 89 491 199 727 487 920 793 799 678 233 987 283 975 220 860 121 657 105 188 260 927 136 628 786 604 723 914 723 729 54 281 60 462 12 729 84 672 988 907 694 826 660 791 761 511
269 438 209 452 0 572 209 125 326 182 706 775 207 372 651 470 342 483 319 63 78 999 289 230 503 664 836 342 954 219 178 707 668 611 503 542 138 721 630 56 85 73 148 626 910 888 44 509 555 299 131 454 906 290 357 308 789 837 232 325 126 269 295 357 229 438 561 729 505 611 20 347 364 443 643 623 265 339 640 901 506 412 590 599 989 414 374 286 71 773 460 57 700 259 931 822 941 502 239 395 51 43 793 550 699 267 152 308 835 5 181 464 332 373 232 940 200 324 978 508 742 719 898 833 515 932 972 628 875 242 175 348 9 352 510 801 339 601 233 729 202 631 701 204 40 742 33 419 363 898 722 438 65 4 290 222 596 496 524 960 48 178 75 435 866 963 251 124 868 814 512 904 206 120 374 177 583 695 193 253 861 178 910 660 17 498 906 224 598 320 137 281 811 839 241 938 135 298 9 430
693 622 892 196 572 0 813 49 212 120 176 72 130 865 785 417 584 322 870 132 759 877 141 155 387 111 362 467 813 785 693 64 275 407 120 639 526 216 575 762 388 400 304 248 808 562 109 403 607 850 288 958 3 146 694 703 741 659 823 929 303 942 630 541 680 131 612 34 227 867 729 722 930 737 965 103 535 222 196 998 260 957 569 714 292 179 804 413 737 611 870 859 38 114 964 967 720 670 195 617 521 116 956 8 557 627 96 253 817 379 325 16 680 802 961 920 256 504 6 173 45 217 719 103 900 83 378 116 795 784 246 758 263 822 111 708 125 838 424 547 445 226 649 427 996 818 665 790 745 304 709 343 402 227 841 208 520 145 30 543 137 737 397 521 524 728 227 294 250 337 166 456 355 306 263 671 6 101 744 702 286 349 264 668 377 594 733 339 978 326 417 877 810 528 304 360 826 929 672 479
646 700 28 861 209 813 0 916 598 330 380 235 749 368 802 808 555 216 960 926 829 896 131 600 78 146 666 34 696 210 64 942 198 877 661 672 874 525 54 707 595 715 951 989 337 572 118 96 52 654 794 859 217 468 796 841 102 393 748 200 449 490 823 261 451 591 271 14 899 203 124 39 41 841 426 433 975 426 299 632 967 892 134 28 945 485 39 395 667 505 74 668 663 976 722 95 799 404 199 252 460 65 568 161 151 557 292 903 919 586 495 7 877 554 67 825 725 395 549 462 438 611 58 847 306 261 570 604 954 836 612 770 596 880 346 615 343 967 893 415 777 350 244 949 166 287 378 858 228 517 558 769 885 790 582 127 396 881 790 13 899 896 142 168 5 751 962 618 840 662 342 202 45 419 321 482 650 460 777 951 407 812 72 646 913 451 150 349 140 475 583 144 356 152 349 958 501 495 233 379
836 367 844 679 125 49 916 0 297 331 606 942 338 444 583 229 953 305 907 608 638 879 949 20 465 490 729 802 561 859 691 423 11 891 186 172 485 800 518 8 643 613 118 69 625 639 197 880 594 237 565 85 881 263 820 419 223 826 983 988 572 258 940 336 825 730 300 290 477 993 489 683 542 709 4 157 762 700 643 723 439 768 17 319 984 611 166 899 833 940 968 397 973 1000 466 973 725 773 572 704 884 578 131 410 393 843 786 304 957 660 409 876 782 132 918 228 915 980 705 652 448 31 437 195 380 356 411 484 913 914 736 95 236 933 971 31 870 494 448 52 538 727 368 828 192 118 156 181 993 601 239 935 956 396 68 536 64 239 769 159 555 76 226 517 411 839 81 217 843 935 364 395 184 748 95 363 436 9 476 995 659 43 416 370 749 514 240 19 651 433 75 45 556 201 706 84 410 491 381 776
132 462 176 508 326 212 598 297 0 457 693 608 540 232 979 319 865 556 410 621 236 473 354 891 878 722 194 718 691 883 897 410 94 92 722 694 514 353 950 32 507 824 89 715 142 835 86 6 551 862 652 727 154 115 917 632 980 972 268 736 586 393 463 165 322 539 398 944 353 712 459 810 884 328 698 846 611 566 603 206 235 100 853 859 212 616 293 151 794 635 591 453 719 397 908 44 809 81 478 600 983 614 896 497 442 320 889 624 266 52 706 279 31 284 157 544 553 666 681 41 506 815 508 958 482 230 112 295 3 565 1 36 614 772 781 959 13 658 285 833 411 876 516 359 953 934 733 934 611 767 690 205 130 584 690 730 91 886 362 711 416 648 264 22 829 251 44 371 565 164 535 721 566 133 24 664 779 540 773 182 961 848 799 555 52 822 530 713 370 171 355 163 160 418 586 485 964 536 250 685
96 171 38 284 182 120 330 331 457 0 131 703 79 929 699 880 863 953 188 92 492 294 163 885 433 852 487 72 211 547 663 782 194 836 179 771 848 586 803 702 377 934 805 107 612 792 995 989 73 299 387 88 131 513 225 510 120 398 946 687 478 33 762 71 856 152 481 35 882 108 346 404 809 693 588 407 623 575 852 684 101 85 722 222 953 4 139 10 795 44 543 987 27 362 676 669 725 689 211 809 383 67 577 721 34 83 473 213 319 468 887 612 36 703 832 999 479 561 345 954 571 179 525 260 417 495 859 170 592 495 39 199 231 639 624 318 251 302 122 795 773 361 397 239 837 162 725 354 789 975 499 870 431 813 668 66 624 478 985 980 889 697 775 275 404 161 671 747 996 96 496 466 240 534 428 683 177 244 473 497 450 430 705 566 768 425 348 700 257 593 940 628 458 503 521 614 596 664 510 912
684 420 719 981 706 176 380 606 693 131 0 750 753 620 274 305 729 477 649 296 48 980 370 822 807 283 274 845 344 541 195 108 48 61 762 776 665 983 527 63 109 990 837 865 871 653 234 807 852 721 729 913 211 750 654 522 145 538 578 639 208 287 88 296 441 669 150 966 943 231 64 318 150 333 897 868 364 50 636 612 503 319 867 84 919 887 533 726 413 452 181 461 204 994 648 966 374 763 448 322 482 867 775 664 837 52 893 392 687 637 734 605 208 414 894 42 203 792 695 97 41 459 908 800 825 135 118 982 534 326 895 244 666 626 485 126 450 572 906 780 609 533 289 700 657 600 227 427 103 231 259 92 623 277 935 552 577 244 777 535 378 560 852 77 957 540 682 824 891 531 205 713 441 226 565 601 234 380 706 982 740 805 923 423 911 236 558 716 347 994 104 73 985 112 335 804 133 9 662 365
757 708 967 4 775 72 235 942 608 703 750 0 530 787 649 46 807 804 26 731 249 546 987 396 545 179 813 825 119 950 192 237 263 122 852 69 363 78 176 515 745 265 457 614 663 179 213 44 644 883 943 611 944 34 78 997 726 383 330 594 857 485 911 698 534 426 741 19 753 306 94 7 194 604 298 994 744 226 992 843 198 215 254 713 254 300 178 520 804 515 842 515 964 816 833 556 679 76 995 442 17 788 699 955 654 154 458 418 927 666 203 754 728 384 469 836 508 480 305 37 146 269 988 396 905 671 735 210 530 303 341 347 718 804 949 900 848 179 177 590 59 450 414 730 103 38 765 268 496 158 825 101 360 407 610 68 839 761 513 165 160 938 477 605 109 546 389 565 573 471 199 5 613 746 849 362 437 657 126 858 172 134 995 368 135 288 586 924 158 944 415 101 791 415 601 505 608 422 987 76
52 567 284 38 207 130 749 338 540 79 753 530 0 175 190 236 647 60 938 779 883 225 89 967 174 416 960 727 133 238 872 765 75 343 363 576 337 122 693 418 431 94 825 527 201 309 97 271 61 496 858 670 700 203 247 746 879 571 101 980 637 213 183 731 194 104 306 485 834 694 868 600 254 303 825 216 581 175 478 25 511 713 786 568 94 420 641 885 822 605 3 604 991 684 77 572 209 619 46 982 191 365 868 322 638 740 479 311 264 286 527 187 588 968 986 874 521 3 849 313 715 486 795 869 180 284 778 879 71 920 605 795 721 998 453 266 40 764 60 261 9 697 962 714 141 140 938 876 76 392 45 694 989 271 894 328 363 724 806 445 524 502 384 540 535 74 215 78 868 735 750 559 377 776 641 305 505 342 571 213 959 36 239 428 100 551 322 957 109 565 49 103 569 557 839 649 226 312 578 679
320 174 938 990 372 865 368 444 232 929 620 787 175 0 393 870 23 128 871 204 714 623 113 540 259 183 83 230 270 186 297 238 161 83 626 838 227 650 230 437 571 441 257 48 798 189 840 384 494 703 940 204 935 603 349 240 363 896 232 46 345 73 84 781 866 156 993 959 356 625 554 423 394 893 965 626 500 768 993 349 762 675 831 312 655 150 924 34 692 353 830 637 970 1 756 714 180 742 235 584 357 67 614 722 878 797 630 239 834 775 659 838 413 789 273 608 58 208 270 208 268 442 475 697 480 82 866 576 761 994 247 986 676 519 273 6 501 833 867 86 857 844 902 314 710 909 866 485 392 385 149 52 333 635 874 469 347 700 525 524 480 488 566 676 362 726 884 572 497 32 773 679 386 341 811 169 901 251 617 647 505 96 806 174 342 291 905 270 571 439 798 952 193 616 135 14 832 240 591 179
73 287 886 556 651 785 802 583 979 699 274 649 190 393 0 545 84 547 147 907 371 266 491 914 687 639 340 77 727 516 716 662 123 624 430 288 922 844 875 436 425 75 905 796 277 329 283 4 491 262 321 438 541 402 297 661 672 987 126 388 396 340 912 183 964 425 892 162 742 312 542 729 317 610 564 568 629 523 964 756 646 933 185 825 429 380 762 270 783 126 108 550 728 601 225 240 532 641 609 761 227 642 360 808 274 371 983 291 751 156 535 824 597 449 964 286 113 919 759 317 484 855 702 739 83 409 48 617 899 250 611 181 209 761 129 89 473 167 3 476 140 701 468 520 440 874 961 868 411 692 86 826 55 455 637 731 325 900 700 546 491 100 708 887 255 158 649 741 137 445 239 165 260 421 393 532 694 375 792 915 177 467 474 574 968 309 416 671 53 700 661 11 618 751 556 173 439 808 345 842
332 126 254 143 470 417 808 229 319 880 305 46 236 870 545 0 380 757 619 765 615 605 944 68 696 833 81 675 931 731 344 247 510 674 392 461 836 990 107 676 481 330 817 169 799 16 104 225 200 369 615 284 373 564 72 16 974 695 837 156 3 532 514 54 91 750 691 679 746 212 375 421 328 909 5 65 416 573 974 171 183 647 12 794 742 867 265 16 336 890 307 502 920 408 263 348 5 376 755 427 895 830 32 575 831 969 408 191 34 528 164 174 567 367 673 967 433 642 868 389 14 681 820 689 481 220 31 231 133 33 567 411 827 100 502 216 782 862 624 401 973 721 881 412 176 250 471 539 127 504 688 133 592 509 479 525 687 555 955 25 778 840 424 166 590 533 442 105 556 115 567 457 984 783 421 811 724 584 125 846 8 94 462 537 773 221 4 114 578 18 98 729 62 94 933 595 503 665 667 451
719 856 858 887 342 584 555 953 865 863 729 807 647 23 84 380 0 187 361 693 878 860 602 81 517 505 600 131 593 228 843 852 34 382 770 123 232 929 548 916 326 991 194 14 900 855 57 690 212 521 407 1000 319 826 92 316 817 241 707 529 242 210 976 684 38 827 588 109 648 718 799 97 250 927 485 364 880 902 293 413 30 62 238 338 270 143 418 742 55 698 880 976 162 116 436 246 951 940 906 81 32 959 219 490 148 348 183 758 935 708 748 742 759 668 173 794 282 814 311 439 183 837 344 599 786 72 728 216 84 368 669 167 354 637 281 870 652 390 679 748 529 768 287 668 705 314 245 841 275 574 985 112 209 665 122 142 376 247 380 740 500 417 228 344 948 240 481 174 74 7 702 502 958 852 565 184 923 631 590 422 465 894 216 232 53 848 719 894 262 8 175 121 713 741 272 363 448 224 570 801
366 692 272 47 483 322 216 305 556 953 477 804 60 128 547 757 187 0 942 37 227 661 886 694 31 441 148 532 519 97 668 983 269 360 83 168 743 918 675 229 690 360 450 581 200 56 620 317 861 79 1000 442 263 712 41 71 620 519 334 121 217 970 68 321 200 287 419 762 441 358 606 517 988 848 887 369 517 264 762 214 153 728 208 300 65 224 983 191 61 659 880 854 43 154 146 356 88 965 861 886 5 902 417 983 462 441 416 817 671 442 305 884 807 933 206 44 994 771 873 301 874 564 170 770 230 376 980 40 269 42 425 148 500 319 835 244 991 691 645 828 445 54 745 263 903 37 155 993 50 11 933 619 298 330 804 335 417 140 251 292 641 95 111 580 862 385 348 116 480 775 630 891 567 876 177 23 80 849 893 53 640 144 756 863 902 285 294 59 653 263 704 305 585 859 832 493 971 722 348 222
119 257 837 733 319 870 960 907 410 188 649 26 938 871 147 619 361 942 0 856 100 411 846 175 765 995 108 770 567 941 782 580 680 999 722 509 382 440 879 394 336 913 7 280 998 786 392 577 732 523 852 840 235 708 421 274 352 726 661 895 321 572 325 95 677 148 156 200 36 419 315 967 567 824 62 156 409 551 365 843 894 697 332 408 139 993 232 515 582 195 635 164 703 504 482 513 503 61 93 846 591 693 542 340 405 675 870 669 843 453 388 567 465 454 495 559 540 419 711 720 478 592 646 780 695 675 637 105 604 121 732 576 552 871 554 426 145 76 566 604 284 806 253 957 11 282 605 86 254 352 177 585 840 942 350 268 515 467 293 784 670 847 243 845 118 82 997 9 91 466 328 929 877 833 175 863 950 965 502 268 98 378 607 983 780 333 371 647 234 482 76 334 773 593 296 294 418 132 872 512
408 808 550 303 63 132 926 608 621 92 296 731 779 204 907 765 693 37 856 0 932 349 994 939 693 509 724 306 938 888 458 178 743 527 25 426 955 685 373 723 157 535 264 946 223 774 532 659 738 279 531 1000 827 829 981 723 732 492 586 649 710 265 480 679 629 817 647 297 332 55 451 560 515 426 186 988 414 406 631 163 600 529 982 481 784 609 136 88 459 653 265 961 82 681 617 892 821 710 968 925 959 25 974 248 700 99 826 469 49 569 704 823 379 804 584 66 123 459 581 403 960 848 227 957 878 249 885 961 542 120 446 741 661 781 814 664 801 786 287 501 377 479 905 910 684 775 514 275 173 978 402 292 790 381 215 451 771 447 268 53 16 942 583 122 573 641 43 714 64 631 795 139 956 880 120 489 50 794 909 805 877 135 960 170 426 772 396 435 207 589 21 592 91 520 540 779 375 687 4 22
294 868 842 441 78 759 829 638 236 492 48 249 883 714 371 615 878 227 100 932 0 436 994 924 848 661 884 206 648 405 964 951 224 420 960 815 941 510 221 523 310 717 586 906 564 544 413 829 137 828 366 315 76 786 219 371 195 369 435 755 962 910 303 712 739 600 550 335 838 145 680 4 884 834 414 881 206 614 399 314 724 467 494 254 314 916 330 184 157 346 310 166 799 115 810 386 735 996 137 552 813 595 782 295 68 480 880 179 17 702 701 514 11 908 182 910 739 785 103 834 422 327 883 505 856 503 701 283 468 725 482 305 377 285 141 811 719 278 162 536 283 903 991 534 574 543 144 107 837 585 227 843 477 664 595 106 13 15 408 300 601 989 247 403 531 334 590 250 564 5 499 888 84 705 462 598 399 613 155 868 657 133 140 385 522 718 719 578 477 989 44 525 974 763 626 622 602 327 642 730
330 801 340 996 999 877 896 879 473 294 980 546 225 623 266 605 860 661 411 349 436 0 972 676 731 442 221 60 680 818 875 365 127 259 734 940 964 757 399 464 893 729 713 456 703 326 532 103 177 10 871 470 791 724 255 619 994 144 822 81 502 658 805 896 500 542 932 982 801 839 817 118 823 103 976 376 466 727 395 610 526 351 714 437 215 56 828 10 792 672 270 343 464 702 859 309 82 22 837 860 205 167 435 745 812 51 11 406 558 407 554 426 663 164 226 828 608 438 747 266 998 979 438 46 783 653 885 556 282 203 823 637 710 629 10 416 459 823 122 361 489 96 946 778 110 475 296 633 348 933 781 186 242 448 525 623 193 568 604 597 802 861 290 305 766 464 481 587 502 9 636 985 684 176 610 431 290 42 835 846 722 726 34 43 293 41 220 665 344 391 912 9 715 971 663 17 572 801 422 418
977 377 437 969 289 141 131 949 354 163 370 987 89 113 491 944 602 886 846 994 994 972 0 740 98 601 951 784 151 763 699 923 362 548 314 74 121 785 955 752 612 2 924 866 418 576 607 158 319 390 388 776 888 49 222 37 154 395 626 412 111 260 437 329 434 626 350 123 542 955 356 49 594 376 849 609 832 541 823 865 119 710 194 242 557 220 550 161 672 415 306 871 799 598 118 892 460 54 961 111 533 872 454 449 619 102 351 636 403 854 330 174 92 583 371 50 295 500 267 640 422 552 448 451 310 681 685 132 214 839 315 957 757 734 535 49 55 963 198 922 553 276 415 483 997 299 552 728 712 259 316 370 906 483 203 887 861 52 698 329 138 14 508 797 464 688 201 312 774 767 159 197 523 670 142 258 28 399 832 20 462 345 185 847 365 915 419 899 20 664 725 667 710 635 797 216 324 980 60 229
674 148 85 797 230 155 600 20 891 885 822 396 967 540 914 68 81 694 175 939 924 676 740 0 919 651 625 172 745 541 120 866 879 686 164 118 162 478 906 863 543 574 569 887 475 108 951 394 378 13 437 548 58 35 566 162 68 935 220 471 931 569 268 434 519 518 267 198 244 248 592 347 151 980 123 467 569 385 567 823 560 253 541 810 578 916 953 70 603 267 960 702 984 841 586 228 652 975 717 652 260 426 362 289 943 375 180 239 232 134 309 632 246 482 915 466 843 328 300 745 572 317 790 921 393 549 851 575 182 466 786 785 649 418 952 978 101 556 529 251 974 172 994 566 326 853 833 733 239 382 464 275 601 248 117 168 998 831 149 635 53 887 211 651 436 809 107 607 850 117 428 999 500 650 517 970 726 773 191 505 964 599 76 884 513 778 510 931 527 692 883 936 176 925 887 292 534 518 882 662
947 918 113 682 503 387 78 465 878 433 807 545 174 259 687 696 517 31 765 693 848 731 98 919 0 614 138 756 963 330 434 14 786 878 443 883 128 643 370 616 860 99 652 695 147 828 783 226 70 737 293 870 890 973 946 645 233 857 491 857 303 871 489 238 488 184 319 431 696 716 264 876 323 192 101 867 734 101 926 204 461 350 958 681 151 905 60 845 471 10 71 4 932 117 729 948 683 547 416 51 755 510 721 889 993 824 917 607 61 433 585 384 365 672 913 231 689 836 541 937 895 243 30 628 440 714 170 984 578 838 470 885 527 243 356 70 654 835 150 733 713 265 865 342 871 862 709 128 642 388 404 457 859 226 313 625 637 431 3 499 911 202 778 7 990 945 426 843 459 960 102 684 720 157 278 271 201 282 387 444 57 306 146 486 10 600 120 516 545 620 293 420 553 287 892 952 567 73 58 945
868 612 911 318 664 111 146 490 722 852 283 179 416 183 639 833 505 441 995 509 661 442 601 651 614 0 854 513 405 364 100 789 975 138 340 794 243 108 966 222 831 183 364 44 210 820 406 521 280 755 440 173 923 113 362 899 557 423 656 4 412 838 316 192 749 223 177 535 668 816 81 352 466 484 537 672 64 449 906 493 611 56 340 979 704 881 999 119 634 870 746 218 266 632 279 288 567 119 126 609 238 118 866 32 699 637 441 634 721 476 951 481 270 188 621 330 627 808 14 476 874 956 371 371 136 669 655 347 270 425 741 88 859 32 1 253 820 203 124 820 246 436 660 854 722 558 483 819 339 839 159 140 501 363 74 486 214 562 251 530 105 357 869 84 456 501 310 824 290 53 162 84 190 25 369 562 767 887 958 4 512 148 170 629 450 386 769 557 715 89 163 349 497 908 725 444 984 397 905 209
486 780 312 488 836 362 666 729 194 487 274 813 960 83 340 81 600 148 108 724 884 221 951 625 138 854 0 912 836 267 786 202 636 862 909 380 206 911 717 612 73 999 816 225 562 199 310 880 489 631 668 206 381 591 449 113 753 810 456 964 510 216 792 114 819 139 89 178 323 804 64 356 878 510 460 276 274 403 978 972 931 647 6 935 624 346 955 611 296 33 269 62 885 615 933 85 593 648 180 953 126 166 579 490 754 320 907 688 218 559 529 280 206 651 700 796 566 702 18 967 219 31 703 231 777 673 312 300 595 821 79 831 48 894 72 550 53 259 923 192 331 906 899 348 106 299 510 7 373 435 662 997 568 242 400 439 544 895 2 198 467 538 338 423 600 946 85 560 359 840 326 690 699 516 63 511 815 695 780 957 368 689 950 468 393 787 654 989 164 455 579 244 936 895 861 671 302 116 435 103
875 982 605 485 342 467 34 802 718 72 845 825 727 230 77 675 131 532 770 306 206 60 784 172 756 513 912 0 649 328 354 190 885 61 966 129 214 159 206 217 340 440 915 245 134 771 114 130 853 755 355 925 266 204 672 928 291 26 369 19 58 898 599 645 294 45 288 588 342 996 908 689 931 728 93 143 157 977 316 749 905 634 145 522 578 458 682 953 174 670 177 405 954 709 7 111 112 37 445 525 167 188 53 221 324 193 756 75 760 940 147 839 698 691 502 802 687 399 621 683 711 103 881 685 866 907 873 587 370 739 125 375 122 937 466 534 247 75 144 672 703 646 80 103 384 664 947 94 337 221 639 157 366 445 474 234 712 315 684 945 108 384 984 591 798 425 91 292 509 911 536 127 904 526 12 118 657 584 270 982 969 794 472 824 756 951 988 757 415 204 441 699 447 573 181 888 947 518 992 726
744 950 684 607 954 813 696 561 691 211 344 119 133 270 727 931 593 519 567 938 648 680 151 745 963 405 836 649 0 693 371 414 352 677 228 421 868 295 851 767 73 950 744 978 539 737 175 119 213 748 368 104 767 50 736 613 1000 18 62 816 317 695 657 760 354 333 615 675 440 617 929 936 1000 808 910 900 335 475 268 138 587 721 510 448 245 893 139 912 223 922 355 101 112 492 871 831 861 809 233 728 867 256 650 543 418 768 275 797 580 452 214 751 118 501 550 139 566 265 644 214 342 427 140 501 336 835 415 315 395 504 913 186 588 386 374 93 8 213 881 422 585 995 597 700 839 185 624 423 641 229 413 159 165 302 681 561 620 788 751 475 729 210 864 243 148 498 597 827 242 991 911 343 535 904 66 930 574 564 84 973 952 697 508 586 291 938 617 641 237 960 481 473 202 183 812 977 34 389 647 486
633 173 29 715 219 785 210 859 883 547 541 950 238 186 516 731 228 97 941 888 405 818 763 541 330 364 267 328 693 0 311 110 765 480 557 596 867 657 634 822 499 277 688 590 755 608 577 959 878 525 99 38 268 275 636 608 398 589 839 637 917 553 967 739 827 944 116 262 81 296 124 375 115 711 147 675 113 73 902 381 535 44 293 254 840 586 647 828 14 862 330 129 397 474 523 509 929 129 387 175 621 73 403 32 701 771 801 496 606 101 939 149 180 223 11 153 293 78 876 115 501 6 916 369 144 507 243 213 887 849 883 381 997 410 624 528 169 72 993 141 626 244 384 670 86 670 159 286 555 926 219 206 145 275 181 566 351 570 950 338 197 505 291 10 786 468 962 63 952 583 244 547 93 861 652 513 971 577 206 589 386 812 363 228 219 118 44 311 504 624 493 532 803 153 477 734 165 911 618 230
582 513 100 858 178 693 64 691 897 663 195 192 872 297 716 344 843 668 782 458 964 875 699 120 434 100 786 354 371 311 0 624 392 714 425 831 746 255 404 308 328 339 238 610 382 21 5 676 31 906 204 925 596 743 371 170 432 406 767 909 906 280 316 51 475 970 32 424 193 194 769 249 355 380 490 651 789 160 290 450 934 734 694 533 456 829 128 672 104 224 639 857 591 731 305 240 392 684 703 128 307 493 496 163 977 257 144 301 689 541 762 695 562 441 236 847 834 439 770 902 815 715 957 683 372 939 574 718 590 474 86 959 88 967 327 632 403 611 80 880 706 179 797 10 309 579 366 685 171 980 889 437 566 70 570 658 626 970 962 159 407 593 69 70 111 153 8 690 193 418 723 845 735 651 164 211 685 875 932 998 875 420 542 299 709 354 709 886 465 141 701 754 993 707 693 907 617 683 675 119
653 820 975 355 707 64 942 423 410 782 108 237 765 238 662 247 852 983 580 178 951 365 923 866 14 789 202 190 414 110 624 0 27 365 504 714 641 485 862 329 19 625 559 266 858 521 248 962 484 39 614 303 273 263 255 143 157 584 469 288 655 908 158 81 936 477 240 840 25 304 515 78 63 374 950 873 232 992 383 881 18 540 838 213 169 934 481 878 58 936 757 859 239 740 683 559 842 489 985 176 756 221 211 153 152 2 122 731 148 412 324 191 256 841 475 680 475 82 930 799 978 346 462 102 353 580 474 144 15 474 645 737 445 371 967 2 512 796 866 120 495 75 70 782 799 639 472 440 317 820 547 658 315 574 31 559 23 388 377 718 616 679 899 906 899 683 958 449 485 685 54 152 361 533 85 221 597 502 10 757 256 588 275 191 590 253 992 144 471 611 170 304 389 761 508 365 733 340 825 839
390 461 625 90 668 275 198 11 94 194 48 263 75 161 123 510 34 269 680 743 224 127 362 879 786 975 636 885 352 765 392 27 0 1000 308 566 235 642 899 993 60 722 405 123 263 892 81 682 46 675 423 418 832 195 490 92 446 734 784 239 161 764 319 599 730 873 106 667 682 434 309 115 531 600 965 154 654 24 787 32 159 330 531 155 199 657 56 544 368 634 147 476 174 544 83 776 595 39 231 860 99 336 154 930 850 77 437 223 227 494 684 518 610 434 898 902 420 826 62 620 278 962 498 380 347 897 657 244 426 556 474 729 927 918 618 383 681 282 22 763 108 572 73 259 232 685 19 360 201 173 587 811 296 710 287 886 994 383 321 356 360 598 267 403 975 18 375 809 672 767 256 517 259 339 981 71 535 969 31 619 149 140 969 298 294 454 671 546 490 761 610 855 819 926 683 321 577 981 654 240
920 197 712 785 611 407 877 891 92 836 61 122 343 83 624 674 382 360 999 527 420 259 548 686 878 138 862 61 677 480 714 365 1000 0 920 204 618 541 470 307 222 163 785 223 942 470 168 669 797 499 361 658 917 152 43 601 389 485 373 724 738 235 207 582 714 404 199 617 461 436 135 27 636 974 924 807 471 90 763 209 457 917 263 442 999 113 462 669 9 79 572 992 16 674 168 175 529 422 806 149 312 577 245 21 856 336 114 433 906 661 500 176 357 824 753 973 461 844 153 470 311 468 954 850 579 13 827 6 171 877 182 530 804 724 319 543 2 10 962 628 16 450 84 490 160 581 32 844 328 842 53 547 230 876 502 841 830 404 154 668 201 513 53 678 512 342 783 122 753 219 59 113 905 494 515 574 323 83 282 463 192 145 770 878 191 224 880 790 111 544 948 417 203 3 61 561 885 277 356 486
780 223 132 726 503 120 661 186 722 179 762 852 363 626 430 392 770 83 722 25 960 734 314 164 443 340 909 966 228 557 425 504 308 920 0 278 811 215 192 84 683 858 822 557 314 137 894 124 339 905 477 106 126 503 481 638 976 609 781 16 714 524 37 778 924 590 403 304 635 917 521 10 680 79 128 135 723 908 320 765 88 728 329 982 825 237 746 804 484 601 792 809 942 820 617 456 912 637 73 280 161 637 412 474 461 676 661 49 453 658 511 698 598 41 154 548 790 625 305 337 236 220 449 701 144 932 860 55 259 249 503 750 560 295 992 213 547 511 21 850 808 901 121 684 623 242 944 323 655 499 997 444 641 130 257 141 471 131 983 886 988 242 902 977 925 795 47 835 537 746 847 115 21 364 927 50 227 565 658 84 747 299 783 670 418 59 688 832 771 603 90 134 972 32 982 17 50 489 479 355
444 897 844 112 542 639 672 172 694 771 776 69 576 838 288 461 123 168 509 426 815 940 74 118 883 794 380 129 421 596 831 714 566 204 278 0 39 443 749 675 786 223 825 837 784 377 994 934 787 522 743 734 904 799 22 735 516 515 101 158 553 99 191 951 654 409 777 198 509 196 69 155 658 870 63 725 984 805 150 162 725 806 309 765 905 47 971 370 179 251 359 191 997 524 248 347 81 108 85 427 716 428 192 666 954 913 8 33 290 347 831 919 139 776 801 763 311 257 750 512 855 875 258 640 504 985 307 868 444 48 130 747 668 467 934 881 852 408 917 721 247 866 477 310 837 40 122 135 626 23 312 194 337 971 380 786 424 228 326 899 478 910 762 37 523 633 151 495 759 163 862 391 174 754 727 767 17 655 834 698 56 231 882 239 880 499 126 316 351 595 466 847 616 127 483 514 147 918 898 693
97 477 400 473 138 526 874 485 514 848 665 363 337 227 922 836 232 743 382 955 941 964 121 162 128 243 206 214 868 867 746 641 235 618 811 39 0 475 130 107 584 471 771 799 977 577 587 847 907 963 907 649 496 364 476 784 95 725 496 391 913 680 809 614 873 787 74 504 987 265 781 732 951 618 277 339 349 573 94 426 626 179 369 312 68 133 292 993 91 760 705 269 321 264 518 131 915 699 757 34 840 784 501 937 546 568 928 964 922 291 342 722 361 382 539 302 620 692 92 283 679 986 832 467 550 48 796 361 312 220 919 286 813 153 192 41 601 424 517 866 153 877 717 9 254 566 399 786 535 776 5 532 412 11 780 930 873 174 637 986 215 461 113 796 953 650 903 253 453 763 362 669 826 475 354 141 857 498 839 669 295 209 69 741 713 681 588 730 817 252 248 340 345 383 721 374 565 253 203 133
766 671 443 249 721 216 525 800 353 586 983 78 122 650 844 990 929 918 440 685 510 757 785 478 643 108 911 159 295 657 255 485 642 541 215 443 475 0 614 775 152 732 747 851 764 631 363 27 738 895 561 584 310 30 415 230 594 51 935 513 821 576 597 184 192 794 512 330 339 593 235 430 176 457 751 239 517 575 908 776 880 72 95 348 966 639 758 129 501 973 338 886 459 502 44 450 343 801 147 479 6 200 645 240 552 442 156 30 324 725 195 217 345 384 145 717 727 927 853 699 77 616 627 762 252 278 861 773 820 947 150 462 422 108 507 795 698 24 611 313 649 417 640 831 349 446 518 228 496 840 220 803 922 835 657 157 271 951 401 287 105 216 152 430 178 587 966 233 396 347 483 335 636 106 533 944 636 379 975 952 161 744 556 81 772 455 613 319 36 155 656 210 508 864 114 768 385 30 733 2
173 131 954 657 630 575 54 518 950 803 527 176 693 230 875 107 548 675 879 373 221 399 955 906 370 966 717 206 851 634 404 862 899 470 192 749 130 614 0 264 218 701 808 413 905 567 894 318 575 372 817 521 824 429 21 124 108 399 889 980 408 257 302 175 882 251 19 605 717 465 324 516 718 448 836 556 974 81 865 340 858 820 215 130 151 814 888 608 322 478 202 589 583 12 401 81 999 35 655 613 512 458 273 434 432 933 220 858 665 817 48 476 628 151 699 987 687 560 25 689 201 339 291 728 207 603 589 802 448 732 77 633 166 415 696 129 446 156 687 557 378 927 251 103 948 62 516 540 206 458 784 895 48 957 578 245 858 115 329 513 194 396 611 873 320 680 986 81 280 372 893 878 936 668 290 894 691 201 843 989 909 405 366 355 904 101 953 741 302 279 94 920 944 339 516 686 662 239 382 834
958 18 152 373 56 762 707 8 32 702 63 515 418 437 436 676 916 229 394 723 523 464 752 863 616 222 612 217 767 822 308 329 993 307 84 675 107 775 264 0 264 861 191 494 749 240 294 423 393 775 783 679 580 241 282 795 849 330 696 726 893 229 667 398 905 594 509 246 72 713 900 996 693 928 92 291 111 482 470 260 398 481 368 240 123 909 52 9 395 461 549 930 565 509 376 315 252 825 936 570 14 673 100 543 830 901 37 607 903 107 34 411 786 574 790 449 562 530 277 619 94 334 186 63 446 536 629 712 434 879 604 730 72 789 855 51 212 899 392 760 661 2 51 646 837 567 706 67 40 863 636 619 697 812 439 55 946 902 147 387 403 165 249 479 181 141 116 624 879 531 991 984 272 464 128 332 638 764 699 604 55 308 817 296 230 783 834 744 664 70 889 45 543 114 768 479 166 218 612 271
82 157 803 658 85 388 595 643 507 377 109 745 431 571 425 481 326 690 336 157 310 893 612 543 860 831 73 340 73 499 328 19 60 222 683 786 584 152 218 264 0 70 197 57 798 977 892 649 972 174 956 745 717 757 443 589 306 219 160 61 492 783 680 200 686 277 415 520 684 971 916 381 526 531 88 511 633 905 631 846 832 541 496 285 815 883 714 31 369 393 111 271 570 608 246 198 375 767 779 257 724 892 234 777 294 44 652 200 371 302 897 496 311 963 991 918 753 288 209 999 36 751 131 9 2 563 685 781 846 907 247 196 913 344 885 464 312 826 826 132 875 1000 313 150 641 239 305 940 602 950 961 197 997 31 437 514 492 655 96 925 61 98 43 712 314 633 916 112 146 365 642 12 225 257 144 441 118 139 864 344 652 963 106 338 468 703 37 722 728 86 909 916 418 708 486 341 206 645 320 11
327 622 825 265 73 400 715 613 824 934 990 265 94 441 75 330 991 360 913 535 717 729 2 574 99 183 999 440 950 277 339 625 722 163 858 223 471 732 701 861 70 0 966 117 851 6 949 375 61 544 406 629 346 745 870 544 187 213 263 744 194 962 846 102 36 588 311 840 616 851 783 389 960 225 235 578 998 908 559 84 145 947 697 718 687 223 976 29 924 927 799 866 732 24 198 608 958 316 803 408 803 403 988 529 877 360 552 675 882 206 479 462 347 450 856 918 384 554 138 106 375 358 556 517 197 630 816 92 99 557 485 986 900 85 213 81 215 106 815 377 864 851 654 174 28 398 505 173 421 675 739 582 74 237 150 649 226 660 252 930 290 310 551 191 790 679 66 876 61 694 519 620 792 419 938 539 723 910 637 234 573 681 78 155 893 297 958 181 413 153 739 154 468 119 792 839 375 899 371 171
112 39 122 321 148 304 951 118 89 805 837 457 825 257 905 817 194 450 7 264 586 713 924 569 652 364 816 915 744 688 238 559 405 785 822 825 771 747 808 191 197 966 0 143 133 528 844 305 950 172 999 73 490 77 286 408 901 736 103 649 356 258 74 678 149 955 75 744 841 64 553 351 616 400 342 295 46 466 457 299 645 413 344 126 115 247 553 984 286 210 363 493 541 628 488 429 312 798 430 407 643 823 623 671 166 873 349 58 297 629 906 231 935 931 951 873 840 637 227 378 252 444 223 290 988 10 87 97 3 914 75 81 237 125 911 79 278 263 40 851 598 609 72 45 108 912 388 643 801 333 4 233 143 902 554 776 218 878 271 674 741 329 218 101 879 322 178 806 375 720 847 960 206 294 644 940 685 58 271 707 679 489 547 675 464 961 886 326 989 606 943 873 510 889 187 139 674 134 760 877
384 656 112 271 626 248 989 69 715 107 865 614 527 48 796 169 14 581 280 946 906 456 866 887 695 44 225 245 978 590 610 266 123 223 557 837 799 851 413 494 57 117 143 0 346 613 625 849 688 244 971 213 577 755 639 210 697 856 562 856 646 979 865 493 144 868 745 734 455 284 429 580 733 882 193 875 701 527 815 159 621 779 984 880 160 370 350 703 855 553 951 489 353 998 724 932 64 935 819 784 646 257 746 144 248 644 517 337 650 492 977 98 195 356 42 212 739 718 146 147 538 998 123 774 106 576 351 244 447 911 278 808 854 231 824 494 956 941 275 894 97 526 23 353 148 493 8 809 241 297 892 142 601 670 222 702 656 651 218 669 532 732 737 685 236 312 704 935 136 822 212 131 104 92 752 717 224 776 19 992 362 354 340 159 516 721 127 754 147 445 684 550 640 934 318 248 186 355 545 411
893 532 50 804 910 808 337 625 142 612 871 663 201 798 277 799 900 200 998 223 564 703 418 475 147 210 562 134 539 755 382 858 263 942 314 784 977 764 905 749 798 851 133 346 0 916 397 344 727 201 869 86 157 781 923 411 409 422 353 57 615 531 527 528 505 956 864 231 943 634 349 875 120 487 664 397 505 433 916 959 84 307 987 295 746 189 952 792 427 670 438 37 797 671 904 239 716 81 27 921 9 154 713 1 486 620 759 658 977 134 689 777 391 271 789 540 499 896 477 505 743 49 969 86 402 343 196 421 242 989 502 475 316 688 290 24 482 224 840 313 692 315 862 557 866 404 835 565 73 892 948 864 4 432 290 669 533 428 580 434 428 69 73 196 607 733 944 776 339 403 860 538 458 513 178 260 749 946 133 2 996 483 180 219 955 849 193 834 399 652 598 605 410 107 508 814 731 400 908 825
758 904 94 538 888 562 572 639 835 792 653 179 309 189 329 16 855 56 786 774 544 326 576 108 828 820 199 771 737 608 21 521 892 470 137 377 577 631 567 240 977 6 528 613 916 0 778 421 217 789 722 111 445 886 536 761 443 602 971 516 749 123 828 566 919 285 152 57 859 304 811 350 487 335 479 809 940 242 774 935 760 714 573 37 71 635 49 946 437 6 342 920 903 400 878 703 922 77 583 459 572 865 816 511 978 728 748 625 169 836 632 368 554 544 970 764 63 979 67 524 3 902 95 630 186 73 617 379 411 851 124 984 239 361 864 388 557 9 842 127 92 384 375 232 877 864 50 842 727 357 924 680 781 170 387 430 206 976 887 338 971 903 848 842 38 368 188 784 624 82 8 67 731 699 588 40 994 146 124 601 503 715 980 525 323 274 717 649 707 603 13 788 240 649 3 249 367 198 275 424
806 855 555 226 44 109 118 197 86 995 234 213 97 840 283 104 57 620 392 532 413 532 607 951 783 406 310 114 175 577 5 248 81 168 894 994 587 363 894 294 892 949 844 625 397 778 0 187 739 599 350 480 800 343 695 314 982 609 449 125 499 853 867 934 30 59 389 961 259 582 866 4 89 708 267 68 434 638 430 543 355 606 583 794 205 503 29 532 84 561 569 930 126 716 210 596 909 493 372 376 448 967 98 30 879 260 506 740 94 813 385 898 964 197 990 264 940 492 571 23 747 747 225 854 283 236 915 278 968 972 558 424 946 339 15 69 490 59 885 350 232 127 33 446 412 950 108 244 531 688 776 77 692 504 993 129 860 866 109 629 383 928 986 178 496 352 998 19 587 680 333 468 873 628 47 825 204 543 480 989 939 24 260 37 687 879 458 124 783 321 312 280 986 592 776 772 348 222 897 295
539 992 965 676 509 403 96 880 6 989 807 44 271 384 4 225 690 317 577 659 829 103 158 394 226 521 880 130 119 959 676 962 682 669 124 934 847 27 318 423 649 375 305 849 344 421 187 0 882 875 625 957 313 229 562 661 963 600 730 51 932 231 103 391 692 793 51 269 950 335 205 78 656 908 824 175 252 654 255 529 975 733 849 817 47 26 570 25 899 618 562 350 245 291 546 843 947 573 516 62 223 204 931 321 467 230 571 492 929 144 777 33 586 54 870 344 613 674 600 668 874 733 689 102 119 444 988 81 652 420 838 365 506 713 794 520 305 244 536 586 602 979 558 567 90 973 862 666 977 622 498 864 105 256 134 891 227 723 294 9 822 478 384 108 673 670 26 402 947 350 783 224 233 936 462 643 144 339 315 47 916 806 115 564 392 907 538 365 583 184 487 443 826 226 298 586 330 674 556 145
381 27 690 207 555 607 52 594 551 73 852 644 61 494 491 200 212 861 732 738 137 177 319 378 70 280 489 853 213 878 31 484 46 797 339 787 907 738 575 393 972 61 950 688 727 217 739 882 0 521 821 688 240 52 814 209 221 364 871 797 280 406 721 224 400 959 744 12 773 99 906 287 719 688 857 501 390 591 582 471 140 43 801 404 529 725 974 984 709 414 394 115 523 158 351 227 292 613 300 516 193 497 225 574 85 16 434 992 714 302 273 556 763 880 145 699 586 722 264 130 732 614 212 925 769 926 241 523 536 284 682 554 306 463 39 925 542 841 661 315 349 816 420 522 302 289 45 579 509 947 323 688 128 403 964 195 843 660 655 905 948 18 704 943 857 655 961 75 536 477 420 862 151 452 951 9 30 342 638 902 225 114 815 624 954 39 466 438 399 817 184 323 24 984 54 42 420 535 938 456
711 417 958 67 299 850 654 237 862 299 721 883 496 703 262 369 521 79 523 279 828 10 390 13 737 755 631 755 748 525 906 39 675 499 905 522 963 895 372 775 174 544 172 244 201 789 599 875 521 0 964 426 925 266 344 804 585 817 969 303 164 299 958 365 662 68 715 200 176 941 695 821 909 963 244 470 61 291 941 231 168 429 171 777 872 238 216 430 530 443 288 484 39 715 836 886 573 844 361 919 187 608 49 904 469 401 537 115 229 139 658 913 339 281 19 738 294 571 119 395 555 78 907 853 854 404 516 291 519 702 598 347 774 584 383 729 993 140 277 681 933 649 949 484 468 228 518 868 399 832 773 499 684 74 195 497 537 936 252 773 26 92 577 222 78 860 448 698 633 148 825 582 958 125 949 583 291 415 427 153 802 133 731 278 964 944 734 89 961 655 437 419 342 621 361 934 654 204 595 17
612 629 767 537 131 288 794 565 652 387 729 943 858 940 321 615 407 1000 852 531 366 871 388 437 293 440 668 355 368 99 204 614 423 361 477 743 907 561 817 783 956 406 999 971 869 722 350 625 821 964 0 100 553 758 283 727 719 234 355 871 913 953 391 760 434 375 307 236 199 326 957 870 752 223 895 276 58 536 228 460 464 10 559 827 876 330 672 841 128 603 144 761 490 754 735 400 472 690 60 60 439 449 781 951 427 131 63 891 402 901 736 96 33 172 3 573 636 783 989 772 592 530 102 536 843 469 761 27 526 957 119 859 497 337 824 460 960 279 524 813 45 400 906 36 614 465 231 586 977 804 593 399 429 782 812 565 58 954 861 584 188 822 197 241 900 669 776 135 712 853 150 615 308 497 842 693 688 33 625 140 739 296 430 474 737 959 900 472 690 977 82 424 899 767 582 375 568 572 907 582
