0 928 859 1000 127 425 589 396 491 344 632 591 785 620 884 247 635 982 481 820 700 82 293 791 599
928 0 562 796 42 729 175 279 593 692 753 48 295 461 409 660 548 864 493 402 333 282 988 36 308
859 562 0 744 770 724 514 550 454 305 794 778 979 609 256 779 444 977 274 708 515 515 654 77 739
1000 796 744 0 727 228 348 164 893 357 455 376 129 532 949 820 904 844 526 816 99 370 569 827 674
127 42 770 727 0 564 933 928 587 146 529 662 107 28 7 903 443 661 838 702 958 750 696 495 843
425 729 724 228 564 0 838 148 330 78 992 269 904 804 862 666 353 279 365 807 437 342 704 699 913
589 175 514 348 933 838 0 928 297 804 813 106 846 760 724 248 529 613 251 961 458 604 237 398 304
396 279 550 164 928 148 928 0 937 502 187 694 62 543 431 59 233 129 649 917 899 422 340 38 698
491 593 454 893 587 330 297 937 0 428 188 559 137 579 897 404 262 362 979 937 877 981 199 820 603
344 692 305 357 146 78 804 502 428 0 49 658 530 46 579 162 438 259 590 557 135 871 147 724 522
632 753 794 455 529 992 813 187 188 49 0 370 366 800 424 593 822 369 786 683 437 267 361 663 737
591 48 778 376 662 269 106 694 559 658 370 0 913 738 324 339 494 419 808 454 298 223 149 682 985
785 295 979 129 107 904 846 62 137 530 366 913 0 184 729 249 27 878 717 593 463 610 352 812 849
620 461 609 532 28 804 760 543 579 46 800 738 184 0 472 365 972 830 365 954 419 998 725 602 514
884 409 256 949 7 862 724 431 897 579 424 324 729 472 0 457 648 838 592 453 829 383 997 799 272
247 660 779 820 903 666 248 59 404 162 593 339 249 365 457 0 879 392 679 768 617 734 569 60 934
635 548 444 904 443 353 529 233 262 438 822 494 27 972 648 879 0 340 81 728 10 47 319 890 342
982 864 977 844 661 279 613 129 362 259 369 419 878 830 838 392 340 0 209 859 834 159 607 107 585
481 493 274 526 838 365 251 649 979 590 786 808 717 365 592 679 81 209 0 454 921 963 833 353 641
820 402 708 816 702 807 961 917 937 557 683 454 593 954 453 768 728 859 454 0 196 845 563 976 904
700 333 515 99 958 437 458 899 877 135 437 298 463 419 829 617 10 834 921 196 0 178 632 461 917
82 282 515 370 750 342 604 422 981 871 267 223 610 998 383 734 47 159 963 845 178 0 799 227 239
293 988 654 569 696 704 237 340 199 147 361 149 352 725 997 569 319 607 833 563 632 799 0 64 441
791 36 77 827 495 699 398 38 820 724 663 682 812 602 799 60 890 107 353 976 461 227 64 0 3
599 308 739 674 843 913 304 698 603 522 737 985 849 514 272 934 342 585 641 904 917 239 441 3 0